%YAML:1.0
H Matrix: !!opencv-matrix
   rows: 3
   cols: 3
   dt: d
   data: [ 1.3826840389278205e+000, 1.1240117492762072e-002,
       -3.1617188495822347e+002, 3.6061113091173075e-001,
       1.2633491757773918e+000, -7.6919408954522211e+001,
       1.2532327188899775e-003, -2.1068636350068595e-005,
       9.9999999999999989e-001 ]
