%YAML:1.0
H Matrix: !!opencv-matrix
   rows: 3
   cols: 3
   dt: d
   data: [ 8.3378668790677013e-001, 1.9095063792506650e-002,
       2.1491013620999175e+002, -1.0740013272619696e-001,
       1.0109471999527619e+000, -1.2413556755353204e+001,
       -7.9096711288169862e-004, 5.2819337243089368e-005, 1. ]
