%YAML:1.0
H Matrix: !!opencv-matrix
   rows: 3
   cols: 3
   dt: d
   data: [ 1.0346729900516147e+000, 2.7307350996278127e-002,
       -2.4056272296712882e+002, 1.0599097529065310e-001,
       1.0917719054407224e+000, -7.3188322073805310e+001,
       6.9767699528032625e-005, 3.8044970638903986e-005, 1. ]
