%YAML:1.0
H Matrix: !!opencv-matrix
   rows: 3
   cols: 3
   dt: d
   data: [ 8.3636115883443796e-001, 4.2057024642179813e-003,
       -2.0946880113000529e+002, -8.5205207362751681e-002,
       9.0811940258597812e-001, 1.9668553788417334e+001,
       -5.5571961234582778e-004, 2.5308090873796908e-004, 1. ]
