%YAML:1.0
H Matrix: !!opencv-matrix
   rows: 3
   cols: 3
   dt: d
   data: [ 1.1283729025139253e+000, 1.4052183399356198e-003,
       -2.3947422532792433e+002, 3.4233479996941721e-002,
       1.1569636049098111e+000, -2.5574627006812385e+001,
       4.0435885688009678e-004, 2.0417954708048405e-004, 1. ]
