%YAML:1.0
H Matrix: !!opencv-matrix
   rows: 3
   cols: 3
   dt: d
   data: [ 1.6027530808378829e+000, 7.7982999513809576e-002,
       2.2713506236605281e+002, 2.4871988876372247e-001,
       1.1902060306342530e+000, -2.8668342158838644e+001,
       8.9380699007269063e-004, 1.7148642285622816e-004, 1. ]
