%YAML:1.0
H Matrix: !!opencv-matrix
   rows: 3
   cols: 3
   dt: d
   data: [ 1.6539215252626125e+000, 1.0546690707280089e-001,
       1.5039830055156710e+002, 2.9208134107035749e-001,
       1.3946026621505407e+000, -1.1356989267619093e+002,
       5.0584576559550452e-004, 3.2388550293228083e-004, 1. ]
