%YAML:1.0
H Matrix: !!opencv-matrix
   rows: 3
   cols: 3
   dt: d
   data: [ 5.8164412837011303e-001, 1.7886159697571794e-002,
       2.3935085270683331e+002, -1.5486462280681712e-001,
       9.4735536945035626e-001, -5.1212555424250106e-001,
       -1.1094678598668958e-003, -1.8564369493785917e-005, 1. ]
