%YAML:1.0
H Matrix: !!opencv-matrix
   rows: 3
   cols: 3
   dt: d
   data: [ 1.5591234315356162e+000, -1.3695907189294058e-002,
       2.4122234697315540e+002, 4.4162303489506149e-001,
       1.0497250181351332e+000, -1.4590999337425275e+001,
       1.6772025131681382e-003, -6.8538161847781715e-006, 1. ]
