%YAML:1.0
H Matrix: !!opencv-matrix
   rows: 3
   cols: 3
   dt: d
   data: [ 1.2008109799017361e+000, 3.1638882571168340e-003,
       -2.6831750565363484e+002, -6.9515621661776689e-002,
       1.2043791788694791e+000, -5.3180900307997154e+000,
       2.1109212156514989e-004, 2.3402339771797008e-004, 1. ]
