%YAML:1.0
Distortion Matrix: !!opencv-matrix
   rows: 4
   cols: 1
   dt: d
   data: [ -6.6429005034813624e-002, 6.2964790051570921e-002,
       -7.0263193929817364e-002, 2.3744991984919042e-002 ]
