%YAML:1.0
Distortion Matrix: !!opencv-matrix
   rows: 1
   cols: 5
   dt: d
   data: [ 1.4965631159450520e-003, -3.7748271388826748e-002,
       1.1104803606513689e-003, 1.0165875543475650e-003,
       8.9433483097357668e-003 ]
