%YAML:1.0
H Matrix: !!opencv-matrix
   rows: 3
   cols: 3
   dt: d
   data: [ -7.8754209886293802e-001, -3.6860783388909107e-002,
       1.7524948256495594e+002, -1.2401136783773381e+000,
       -1.0938824685688946e+000, 3.8978675224251327e+002,
       -5.4272646303237457e-003, -1.7886032824902538e-003, 1. ]
