%YAML:1.0
H Matrix: !!opencv-matrix
   rows: 3
   cols: 3
   dt: d
   data: [ 1.2834116354315388e+000, -2.7495373873020995e-003,
       2.3999669374649045e+002, 3.0127744545339308e-001,
       9.9059820923783404e-001, 8.0844713888583464e-001,
       1.2018319969674686e-003, -1.1901877817163222e-005, 1. ]
