%YAML:1.0
Intrinsic Matrix: !!opencv-matrix
   rows: 3
   cols: 3
   dt: d
   data: [ 5.5174137133411523e+002, 0., 9.7990842334243632e+002, 0.,
       5.5028660304842981e+002, 5.4322854814639686e+002, 0., 0., 1. ]
