%YAML:1.0
H Matrix: !!opencv-matrix
   rows: 3
   cols: 3
   dt: d
   data: [ 1.4043484277417553e+000, 8.2421223873481893e-003,
       -6.3813509331475314e+002, 1.5065507616507182e-001,
       1.4250663883476598e+000, -1.0051261933892262e+002,
       5.6896591673454748e-004, 1.4430308899692995e-004, 1. ]