%YAML:1.0
H Matrix: !!opencv-matrix
   rows: 3
   cols: 3
   dt: d
   data: [ 6.1546078323178199e-001, 4.7200637163118599e-002,
       4.2123561994472959e+002, -1.5892823497383335e-001,
       9.0717177586551567e-001, 3.7175473834707518e+001,
       -5.3099466749963881e-004, 3.9703890269030380e-005, 1. ]