%YAML:1.0
Distortion Matrix: !!opencv-matrix
   rows: 1
   cols: 5
   dt: d
   data: [ -9.4114225480385460e-003, -2.7780265172347229e-002,
       1.8653226695557090e-003, 1.0610356592438528e-003,
       5.7271073509229100e-003 ]
