%YAML:1.0
Distortion Matrix: !!opencv-matrix
   rows: 4
   cols: 1
   dt: d
   data: [ -4.1732534477934529e-002, 3.0991069899920492e-002,
       -5.0442084718877449e-002, 2.3762055471900759e-002 ]