%YAML:1.0
Distortion Matrix: !!opencv-matrix
   rows: 1
   cols: 5
   dt: d
   data: [ -3.3332977847229822e-001, 1.3469803289175003e-001,
       3.0647157247495746e-003, 7.0719701260536201e-003,
       -2.5926411725670277e-002 ]
