%YAML:1.0
Distortion Matrix: !!opencv-matrix
   rows: 1
   cols: 5
   dt: d
   data: [ 2.5960921972036448e-003, -3.9629138632169103e-002,
       -3.7265148223306147e-004, 1.6088607186231427e-003,
       9.2569643292109600e-003 ]
