%YAML:1.0
Distortion Matrix: !!opencv-matrix
   rows: 1
   cols: 5
   dt: d
   data: [ -2.0542055104786159e-003, -3.3271325092627264e-002,
       9.8447266296530062e-004, 7.3054278470564696e-004,
       7.2141088722999713e-003 ]
