%YAML:1.0
Distortion Matrix: !!opencv-matrix
   rows: 1
   cols: 5
   dt: d
   data: [ -3.4620174900454037e-001, 1.4934038794984880e-001,
       2.0121138041186313e-003, 4.0124848048351397e-003,
       -3.4044433105081082e-002 ]
