%YAML:1.0
Distortion Matrix: !!opencv-matrix
   rows: 4
   cols: 1
   dt: d
   data: [ -5.5972784259304719e-002, 1.4569273793694534e-002,
       -2.2863464226023148e-002, 9.2302852607909179e-003 ]
