%YAML:1.0
Intrinsic Matrix: !!opencv-matrix
   rows: 3
   cols: 3
   dt: d
   data: [ 5.3316367635133940e+002, 0., 9.7434666417439223e+002, 0.,
       5.3150092757305788e+002, 5.3859708998571466e+002, 0., 0., 1. ]
