%YAML:1.0
Intrinsic Matrix: !!opencv-matrix
   rows: 3
   cols: 3
   dt: d
   data: [ 3.2638083600835625e+002, 0., 3.1181516230124589e+002, 0.,
       3.6692705971980052e+002, 2.2938786663389155e+002, 0., 0., 1. ]
