%YAML:1.0
Intrinsic Matrix: !!opencv-matrix
   rows: 3
   cols: 3
   dt: d
   data: [ 1.7526946640603103e+002, 0., 1.3275804940478946e+002, 0.,
       1.7540731461332129e+002, 2.3939603584098316e+002, 0., 0., 1. ]
