%YAML:1.0
Distortion Matrix: !!opencv-matrix
   rows: 1
   cols: 5
   dt: d
   data: [ 1.5970049551003174e-002, -5.3334259578641262e-002,
       1.8198104992383898e-003, -5.8947060911514236e-004,
       1.4454296048533771e-002 ]
