%YAML:1.0
Distortion Matrix: !!opencv-matrix
   rows: 1
   cols: 5
   dt: d
   data: [ -2.8921867380643673e-001, 9.2832015097862861e-002,
       2.0728363393321603e-004, 1.1527493982326003e-003,
       -1.4066287931891136e-002 ]