%YAML:1.0
Intrinsic Matrix: !!opencv-matrix
   rows: 3
   cols: 3
   dt: d
   data: [ 3.9516428888673545e+002, 0., 3.0971354398006326e+002, 0.,
       4.4796701361125338e+002, 2.4065821568441660e+002, 0., 0., 1. ]