%YAML:1.0
Intrinsic Matrix: !!opencv-matrix
   rows: 3
   cols: 3
   dt: d
   data: [ 4.2240014546113707e+002, 0., 3.1539449003605165e+002, 0.,
       4.7793964649860470e+002, 2.3563243256385567e+002, 0., 0., 1. ]