%YAML:1.0
Intrinsic Matrix: !!opencv-matrix
   rows: 3
   cols: 3
   dt: d
   data: [ 1.7502147078025129e+002, 0., 1.4282843216795058e+002, 0.,
       1.7490885748903597e+002, 2.2601571118087713e+002, 0., 0., 1. ]
