%YAML:1.0
Intrinsic Matrix: !!opencv-matrix
   rows: 3
   cols: 3
   dt: d
   data: [ 1.7695111192361722e+002, 0., 1.3618535414705079e+002, 0.,
       1.7709189167437981e+002, 2.3658642116317620e+002, 0., 0., 1. ]
