%YAML:1.0
Intrinsic Matrix: !!opencv-matrix
   rows: 3
   cols: 3
   dt: d
   data: [ 1.7191725891896436e+002, 0., 1.4718993165208235e+002, 0.,
       1.7251888362809365e+002, 2.3008481436174370e+002, 0., 0., 1. ]
