%YAML:1.0
Intrinsic Matrix: !!opencv-matrix
   rows: 3
   cols: 3
   dt: d
   data: [ 1.7157512521766375e+002, 0., 1.3654939676428776e+002, 0.,
       1.7189527971209225e+002, 2.3542989801465058e+002, 0., 0., 1. ]
