%YAML:1.0
H Matrix: !!opencv-matrix
   rows: 3
   cols: 3
   dt: d
   data: [ 1.3255607443441944e+000, 2.1646577921941905e-002,
       -2.8968511721676998e+002, 1.1508583748666196e-001,
       1.2878367734751881e+000, -6.3396455214826616e+001,
       5.9145716234442771e-004, 3.0813870112426141e-004, 1. ]
