%YAML:1.0
H Matrix: !!opencv-matrix
   rows: 3
   cols: 3
   dt: d
   data: [ 1.0100484851298934e+000, -8.7971493268245271e-002,
       2.3635955588722271e+002, 1.0251797126150557e-001,
       8.3639937658583774e-001, 7.6537594177807637e+000,
       3.9786149707049176e-004, -3.6610896380125340e-004, 1. ]
